2000 50
2050 50
2100 50
2150 50
2200 50
2250 50
2300 50
2350 50
2400 50
2450 50
2500 50
2550 50
2600 50
2650 50
2700 50
2750 50
2800 50
2850 50
2900 50
2950 50
4000 50
4050 50
4100 50
4150 50
4200 50
4250 50
4300 50
4350 50
4400 50
4450 50
4500 50
4550 50
4600 50
4650 50
4700 50
4750 50
4800 50
4850 50
4900 50
4950 50
6000 50
6050 50
6100 50
6150 50
6200 50
6250 50
6300 50
6350 50
6400 50
6450 50
6500 50
6550 50
6600 50
6650 50
6700 50
6750 50
6800 50
6850 50
6900 50
6950 50
7500 50
7550 50
7600 50
7650 50
7700 50
7750 50
7800 50
7850 50
7900 50
7950 50
8500 50
8550 50
8600 50
8650 50
8700 50
8750 50
8800 50
8850 50
8900 50
8950 50
9000 50
9050 50
9100 50
9150 50
9200 50
9250 50
9300 50
9350 50
9400 50
9450 50
9500 50
9550 50
9600 50
9650 50
9700 50
9750 50
9800 50
9850 50
9900 50
9950 50
11000 50
11050 50
11100 50
11150 50
11200 50
11250 50
11300 50
11350 50
11400 50
11450 50
11500 50
11550 50
11600 50
11650 50
11700 50
11750 50
11800 50
11850 50
11900 50
11950 50
12500 50
12550 50
12600 50
12650 50
12700 50
12750 50
12800 50
12850 50
12900 50
12950 50
14000 50
14050 50
14100 50
14150 50
14200 50
14250 50
14300 50
14350 50
14400 50
14450 50
14500 50
14550 50
14600 50
14650 50
14700 50
14750 50
14800 50
14850 50
14900 50
14950 50
15000 50
15050 50
15100 50
15150 50
15200 50
15250 50
15300 50
15350 50
15400 50
15450 50
15500 50
15550 50
15600 50
15650 50
15700 50
15750 50
15800 50
15850 50
15900 50
15950 50
16500 50
16550 50
16600 50
16650 50
16700 50
16750 50
16800 50
16850 50
16900 50
16950 50
17000 50
17050 50
17100 50
17150 50
17200 50
17250 50
17300 50
17350 50
17400 50
17450 50
17500 50
17550 50
17600 50
17650 50
17700 50
17750 50
17800 50
17850 50
17900 50
17950 50
18000 50
18050 50
18100 50
18150 50
18200 50
18250 50
18300 50
18350 50
18400 50
18450 50
18500 50
18550 50
18600 50
18650 50
18700 50
18750 50
18800 50
18850 50
18900 50
18950 50
20500 50
20550 50
20600 50
20650 50
20700 50
20750 50
20800 50
20850 50
20900 50
20950 50
22500 50
22550 50
22600 50
22650 50
22700 50
22750 50
22800 50
22850 50
22900 50
22950 50
23000 50
23050 50
23100 50
23150 50
23200 50
23250 50
23300 50
23350 50
23400 50
23450 50
23500 50
23550 50
23600 50
23650 50
23700 50
23750 50
23800 50
23850 50
23900 50
23950 50
27500 50
27550 50
27600 50
27650 50
27700 50
27750 50
27800 50
27850 50
27900 50
27950 50
29000 50
29050 50
29100 50
29150 50
29200 50
29250 50
29300 50
29350 50
29400 50
29450 50
29500 50
29550 50
29600 50
29650 50
29700 50
29750 50
29800 50
29850 50
29900 50
29950 50
30500 50
30550 50
30600 50
30650 50
30700 50
30750 50
30800 50
30850 50
30900 50
30950 50
31000 50
31050 50
31100 50
31150 50
31200 50
31250 50
31300 50
31350 50
31400 50
31450 50
31500 50
31550 50
31600 50
31650 50
31700 50
31750 50
31800 50
31850 50
31900 50
31950 50
32000 50
32050 50
32100 50
32150 50
32200 50
32250 50
32300 50
32350 50
32400 50
32450 50
32500 50
32550 50
32600 50
32650 50
32700 50
32750 50
32800 50
32850 50
32900 50
32950 50
33500 50
33550 50
33600 50
33650 50
33700 50
33750 50
33800 50
33850 50
33900 50
33950 50
34500 50
34550 50
34600 50
34650 50
34700 50
34750 50
34800 50
34850 50
34900 50
34950 50
36000 50
36050 50
36100 50
36150 50
36200 50
36250 50
36300 50
36350 50
36400 50
36450 50
36500 50
36550 50
36600 50
36650 50
36700 50
36750 50
36800 50
36850 50
36900 50
36950 50
37500 50
37550 50
37600 50
37650 50
37700 50
37750 50
37800 50
37850 50
37900 50
37950 50
39500 50
39550 50
39600 50
39650 50
39700 50
39750 50
39800 50
39850 50
39900 50
39950 50
41000 50
41050 50
41100 50
41150 50
41200 50
41250 50
41300 50
41350 50
41400 50
41450 50
41500 50
41550 50
41600 50
41650 50
41700 50
41750 50
41800 50
41850 50
41900 50
41950 50
42500 50
42550 50
42600 50
42650 50
42700 50
42750 50
42800 50
42850 50
42900 50
42950 50
44500 50
44550 50
44600 50
44650 50
44700 50
44750 50
44800 50
44850 50
44900 50
44950 50
45000 50
45050 50
45100 50
45150 50
45200 50
45250 50
45300 50
45350 50
45400 50
45450 50
45500 50
45550 50
45600 50
45650 50
45700 50
45750 50
45800 50
45850 50
45900 50
45950 50
46000 50
46050 50
46100 50
46150 50
46200 50
46250 50
46300 50
46350 50
46400 50
46450 50
46500 50
46550 50
46600 50
46650 50
46700 50
46750 50
46800 50
46850 50
46900 50
46950 50
47000 50
47050 50
47100 50
47150 50
47200 50
47250 50
47300 50
47350 50
47400 50
47450 50
47500 50
47550 50
47600 50
47650 50
47700 50
47750 50
47800 50
47850 50
47900 50
47950 50
48500 50
48550 50
48600 50
48650 50
48700 50
48750 50
48800 50
48850 50
48900 50
48950 50
50000 50
50050 50
50100 50
50150 50
50200 50
50250 50
50300 50
50350 50
50400 50
50450 50
50500 50
50550 50
50600 50
50650 50
50700 50
50750 50
50800 50
50850 50
50900 50
50950 50
51500 50
51550 50
51600 50
51650 50
51700 50
51750 50
51800 50
51850 50
51900 50
51950 50
52500 50
52550 50
52600 50
52650 50
52700 50
52750 50
52800 50
52850 50
52900 50
52950 50
53500 50
53550 50
53600 50
53650 50
53700 50
53750 50
53800 50
53850 50
53900 50
53950 50
54000 50
54050 50
54100 50
54150 50
54200 50
54250 50
54300 50
54350 50
54400 50
54450 50
54500 50
54550 50
54600 50
54650 50
54700 50
54750 50
54800 50
54850 50
54900 50
54950 50
55000 50
55050 50
55100 50
55150 50
55200 50
55250 50
55300 50
55350 50
55400 50
55450 50
55500 50
55550 50
55600 50
55650 50
55700 50
55750 50
55800 50
55850 50
55900 50
55950 50
56500 50
56550 50
56600 50
56650 50
56700 50
56750 50
56800 50
56850 50
56900 50
56950 50
57500 50
57550 50
57600 50
57650 50
57700 50
57750 50
57800 50
57850 50
57900 50
57950 50
59500 50
59550 50
59600 50
59650 50
59700 50
59750 50
59800 50
59850 50
59900 50
59950 50
60000 50
60050 50
60100 50
60150 50
60200 50
60250 50
60300 50
60350 50
60400 50
60450 50
60500 50
60550 50
60600 50
60650 50
60700 50
60750 50
60800 50
60850 50
60900 50
60950 50
61500 50
61550 50
61600 50
61650 50
61700 50
61750 50
61800 50
61850 50
61900 50
61950 50
62000 50
62050 50
62100 50
62150 50
62200 50
62250 50
62300 50
62350 50
62400 50
62450 50
62500 50
62550 50
62600 50
62650 50
62700 50
62750 50
62800 50
62850 50
62900 50
62950 50
64500 50
64550 50
64600 50
64650 50
64700 50
64750 50
64800 50
64850 50
64900 50
64950 50
66000 50
66050 50
66100 50
66150 50
66200 50
66250 50
66300 50
66350 50
66400 50
66450 50
66500 50
66550 50
66600 50
66650 50
66700 50
66750 50
66800 50
66850 50
66900 50
66950 50
67000 50
67050 50
67100 50
67150 50
67200 50
67250 50
67300 50
67350 50
67400 50
67450 50
67500 50
67550 50
67600 50
67650 50
67700 50
67750 50
67800 50
67850 50
67900 50
67950 50
68500 50
68550 50
68600 50
68650 50
68700 50
68750 50
68800 50
68850 50
68900 50
68950 50
70000 50
70050 50
70100 50
70150 50
70200 50
70250 50
70300 50
70350 50
70400 50
70450 50
70500 50
70550 50
70600 50
70650 50
70700 50
70750 50
70800 50
70850 50
70900 50
70950 50
71500 50
71550 50
71600 50
71650 50
71700 50
71750 50
71800 50
71850 50
71900 50
71950 50
72500 50
72550 50
72600 50
72650 50
72700 50
72750 50
72800 50
72850 50
72900 50
72950 50
73000 50
73050 50
73100 50
73150 50
73200 50
73250 50
73300 50
73350 50
73400 50
73450 50
73500 50
73550 50
73600 50
73650 50
73700 50
73750 50
73800 50
73850 50
73900 50
73950 50
75000 50
75050 50
75100 50
75150 50
75200 50
75250 50
75300 50
75350 50
75400 50
75450 50
75500 50
75550 50
75600 50
75650 50
75700 50
75750 50
75800 50
75850 50
75900 50
75950 50
76500 50
76550 50
76600 50
76650 50
76700 50
76750 50
76800 50
76850 50
76900 50
76950 50
78500 50
78550 50
78600 50
78650 50
78700 50
78750 50
78800 50
78850 50
78900 50
78950 50
79500 50
79550 50
79600 50
79650 50
79700 50
79750 50
79800 50
79850 50
79900 50
79950 50
80000 50
80050 50
80100 50
80150 50
80200 50
80250 50
80300 50
80350 50
80400 50
80450 50
80500 50
80550 50
80600 50
80650 50
80700 50
80750 50
80800 50
80850 50
80900 50
80950 50
82000 50
82050 50
82100 50
82150 50
82200 50
82250 50
82300 50
82350 50
82400 50
82450 50
82500 50
82550 50
82600 50
82650 50
82700 50
82750 50
82800 50
82850 50
82900 50
82950 50
83000 50
83050 50
83100 50
83150 50
83200 50
83250 50
83300 50
83350 50
83400 50
83450 50
84000 50
84050 50
84100 50
84150 50
84200 50
84250 50
84300 50
84350 50
84400 50
84450 50
84500 50
84550 50
84600 50
84650 50
84700 50
84750 50
84800 50
84850 50
84900 50
84950 50
85000 50
85050 50
85100 50
85150 50
85200 50
85250 50
85300 50
85350 50
85400 50
85450 50
85500 50
85550 50
85600 50
85650 50
85700 50
85750 50
85800 50
85850 50
85900 50
85950 50
89500 50
89550 50
89600 50
89650 50
89700 50
89750 50
89800 50
89850 50
89900 50
89950 50
90500 50
90550 50
90600 50
90650 50
90700 50
90750 50
90800 50
90850 50
90900 50
90950 50
92500 50
92550 50
92600 50
92650 50
92700 50
92750 50
92800 50
92850 50
92900 50
92950 50
94500 50
94550 50
94600 50
94650 50
94700 50
94750 50
94800 50
94850 50
94900 50
94950 50
96500 50
96550 50
96600 50
96650 50
96700 50
96750 50
96800 50
96850 50
96900 50
96950 50
97000 50
97050 50
97100 50
97150 50
97200 50
97250 50
97300 50
97350 50
97400 50
97450 50
97500 50
97550 50
97600 50
97650 50
97700 50
97750 50
97800 50
97850 50
97900 50
97950 50
98000 50
98050 50
98100 50
98150 50
98200 50
98250 50
98300 50
98350 50
98400 50
98450 50
98500 50
98550 50
98600 50
98650 50
98700 50
98750 50
98800 50
98850 50
98900 50
98950 50
100500 50
100550 50
100600 50
100650 50
100700 50
100750 50
100800 50
100850 50
100900 50
100950 50
101000 50
101050 50
101100 50
101150 50
101200 50
101250 50
101300 50
101350 50
101400 50
101450 50
101500 50
101550 50
101600 50
101650 50
101700 50
101750 50
101800 50
101850 50
101900 50
101950 50
102500 50
102550 50
102600 50
102650 50
102700 50
102750 50
102800 50
102850 50
102900 50
102950 50
103500 50
103550 50
103600 50
103650 50
103700 50
103750 50
103800 50
103850 50
103900 50
103950 50
104000 50
104050 50
104100 50
104150 50
104200 50
104250 50
104300 50
104350 50
104400 50
104450 50
104500 50
104550 50
104600 50
104650 50
104700 50
104750 50
104800 50
104850 50
104900 50
104950 50
105500 50
105550 50
105600 50
105650 50
105700 50
105750 50
105800 50
105850 50
105900 50
105950 50
106000 50
106050 50
106100 50
106150 50
106200 50
106250 50
106300 50
106350 50
106400 50
106450 50
106500 50
106550 50
106600 50
106650 50
106700 50
106750 50
106800 50
106850 50
106900 50
106950 50
107500 50
107550 50
107600 50
107650 50
107700 50
107750 50
107800 50
107850 50
107900 50
107950 50
108500 50
108550 50
108600 50
108650 50
108700 50
108750 50
108800 50
108850 50
108900 50
108950 50
109500 50
109550 50
109600 50
109650 50
109700 50
109750 50
109800 50
109850 50
109900 50
109950 50
110500 50
110550 50
110600 50
110650 50
110700 50
110750 50
110800 50
110850 50
110900 50
110950 50
111500 50
111550 50
111600 50
111650 50
111700 50
111750 50
111800 50
111850 50
111900 50
111950 50
112500 50
112550 50
112600 50
112650 50
112700 50
112750 50
112800 50
112850 50
112900 50
112950 50
114500 50
114550 50
114600 50
114650 50
114700 50
114750 50
114800 50
114850 50
114900 50
114950 50
117500 50
117550 50
117600 50
117650 50
117700 50
117750 50
117800 50
117850 50
117900 50
117950 50
118000 50
118050 50
118100 50
118150 50
118200 50
118250 50
118300 50
118350 50
118400 50
118450 50
118500 50
118550 50
118600 50
118650 50
118700 50
118750 50
118800 50
118850 50
118900 50
118950 50
119000 50
119050 50
119100 50
119150 50
119200 50
119250 50
119300 50
119350 50
119400 50
119450 50
119500 50
119550 50
119600 50
119650 50
119700 50
119750 50
119800 50
119850 50
119900 50
119950 50
121500 50
121550 50
121600 50
121650 50
121700 50
121750 50
121800 50
121850 50
121900 50
121950 50
122000 50
122050 50
122100 50
122150 50
122200 50
122250 50
122300 50
122350 50
122400 50
122450 50
122500 50
122550 50
122600 50
122650 50
122700 50
122750 50
122800 50
122850 50
122900 50
122950 50
123500 50
123550 50
123600 50
123650 50
123700 50
123750 50
123800 50
123850 50
123900 50
123950 50
124500 50
124550 50
124600 50
124650 50
124700 50
124750 50
124800 50
124850 50
124900 50
124950 50
125000 50
125050 50
125100 50
125150 50
125200 50
125250 50
125300 50
125350 50
125400 50
125450 50
125500 50
125550 50
125600 50
125650 50
125700 50
125750 50
125800 50
125850 50
125900 50
125950 50
126500 50
126550 50
126600 50
126650 50
126700 50
126750 50
126800 50
126850 50
126900 50
126950 50
127000 50
127050 50
127100 50
127150 50
127200 50
127250 50
127300 50
127350 50
127400 50
127450 50
127500 50
127550 50
127600 50
127650 50
127700 50
127750 50
127800 50
127850 50
127900 50
127950 50
129500 50
129550 50
129600 50
129650 50
129700 50
129750 50
129800 50
129850 50
129900 50
129950 50
130500 50
130550 50
130600 50
130650 50
130700 50
130750 50
130800 50
130850 50
130900 50
130950 50
131000 50
131050 50
131100 50
131150 50
131200 50
131250 50
131300 50
131350 50
131400 50
131450 50
131500 50
131550 50
131600 50
131650 50
131700 50
131750 50
131800 50
131850 50
131900 50
131950 50
132500 50
132550 50
132600 50
132650 50
132700 50
132750 50
132800 50
132850 50
132900 50
132950 50
133500 50
133550 50
133600 50
133650 50
133700 50
133750 50
133800 50
133850 50
133900 50
133950 50
134000 50
134050 50
134100 50
134150 50
134200 50
134250 50
134300 50
134350 50
134400 50
134450 50
134500 50
134550 50
134600 50
134650 50
134700 50
134750 50
134800 50
134850 50
134900 50
134950 50
135500 50
135550 50
135600 50
135650 50
135700 50
135750 50
135800 50
135850 50
135900 50
135950 50
138500 50
138550 50
138600 50
138650 50
138700 50
138750 50
138800 50
138850 50
138900 50
138950 50
139000 50
139050 50
139100 50
139150 50
139200 50
139250 50
139300 50
139350 50
139400 50
139450 50
139500 50
139550 50
139600 50
139650 50
139700 50
139750 50
139800 50
139850 50
139900 50
139950 50
140000 50
140050 50
140100 50
140150 50
140200 50
140250 50
140300 50
140350 50
140400 50
140450 50
140500 50
140550 50
140600 50
140650 50
140700 50
140750 50
140800 50
140850 50
140900 50
140950 50
142000 50
142050 50
142100 50
142150 50
142200 50
142250 50
142300 50
142350 50
142400 50
142450 50
142500 50
142550 50
142600 50
142650 50
142700 50
142750 50
142800 50
142850 50
142900 50
142950 50
143500 50
143550 50
143600 50
143650 50
143700 50
143750 50
143800 50
143850 50
143900 50
143950 50
145000 50
145050 50
145100 50
145150 50
145200 50
145250 50
145300 50
145350 50
145400 50
145450 50
145500 50
145550 50
145600 50
145650 50
145700 50
145750 50
145800 50
145850 50
145900 50
145950 50
146500 50
146550 50
146600 50
146650 50
146700 50
146750 50
146800 50
146850 50
146900 50
146950 50
147000 50
147050 50
147100 50
147150 50
147200 50
147250 50
147300 50
147350 50
147400 50
147450 50
147500 50
147550 50
147600 50
147650 50
147700 50
147750 50
147800 50
147850 50
147900 50
147950 50
149500 50
149550 50
149600 50
149650 50
149700 50
149750 50
149800 50
149850 50
149900 50
149950 50
150500 50
150550 50
150600 50
150650 50
150700 50
150750 50
150800 50
150850 50
150900 50
150950 50
152500 50
152550 50
152600 50
152650 50
152700 50
152750 50
152800 50
152850 50
152900 50
152950 50
153000 50
153050 50
153100 50
153150 50
153200 50
153250 50
153300 50
153350 50
153400 50
153450 50
153500 50
153550 50
153600 50
153650 50
153700 50
153750 50
153800 50
153850 50
153900 50
153950 50
154500 50
154550 50
154600 50
154650 50
154700 50
154750 50
154800 50
154850 50
154900 50
154950 50
155000 50
155050 50
155100 50
155150 50
155200 50
155250 50
155300 50
155350 50
155400 50
155450 50
155500 50
155550 50
155600 50
155650 50
155700 50
155750 50
155800 50
155850 50
155900 50
155950 50
156000 50
156050 50
156100 50
156150 50
156200 50
156250 50
156300 50
156350 50
156400 50
156450 50
156500 50
156550 50
156600 50
156650 50
156700 50
156750 50
156800 50
156850 50
156900 50
156950 50
157500 50
157550 50
157600 50
157650 50
157700 50
157750 50
157800 50
157850 50
157900 50
157950 50
158500 50
158550 50
158600 50
158650 50
158700 50
158750 50
158800 50
158850 50
158900 50
158950 50
159500 50
159550 50
159600 50
159650 50
159700 50
159750 50
159800 50
159850 50
159900 50
159950 50
160000 50
160050 50
160100 50
160150 50
160200 50
160250 50
160300 50
160350 50
160400 50
160450 50
160500 50
160550 50
160600 50
160650 50
160700 50
160750 50
160800 50
160850 50
160900 50
160950 50
162500 50
162550 50
162600 50
162650 50
162700 50
162750 50
162800 50
162850 50
162900 50
162950 50
163500 50
163550 50
163600 50
163650 50
163700 50
163750 50
163800 50
163850 50
163900 50
163950 50
164000 50
164050 50
164100 50
164150 50
164200 50
164250 50
164300 50
164350 50
164400 50
164450 50
164500 50
164550 50
164600 50
164650 50
164700 50
164750 50
164800 50
164850 50
164900 50
164950 50
165000 50
165050 50
165100 50
165150 50
165200 50
165250 50
165300 50
165350 50
165400 50
165450 50
165500 50
165550 50
165600 50
165650 50
165700 50
165750 50
165800 50
165850 50
165900 50
165950 50
169500 50
169550 50
169600 50
169650 50
169700 50
169750 50
169800 50
169850 50
169900 50
169950 50
170500 50
170550 50
170600 50
170650 50
170700 50
170750 50
170800 50
170850 50
170900 50
170950 50
171500 50
171550 50
171600 50
171650 50
171700 50
171750 50
171800 50
171850 50
171900 50
171950 50
174000 50
174050 50
174100 50
174150 50
174200 50
174250 50
174300 50
174350 50
174400 50
174450 50
174500 50
174550 50
174600 50
174650 50
174700 50
174750 50
174800 50
174850 50
174900 50
174950 50
175000 50
175050 50
175100 50
175150 50
175200 50
175250 50
175300 50
175350 50
175400 50
175450 50
175500 50
175550 50
175600 50
175650 50
175700 50
175750 50
175800 50
175850 50
175900 50
175950 50
176500 50
176550 50
176600 50
176650 50
176700 50
176750 50
176800 50
176850 50
176900 50
176950 50
180500 50
180550 50
180600 50
180650 50
180700 50
180750 50
180800 50
180850 50
180900 50
180950 50
181500 50
181550 50
181600 50
181650 50
181700 50
181750 50
181800 50
181850 50
181900 50
181950 50
182000 50
182050 50
182100 50
182150 50
182200 50
182250 50
182300 50
182350 50
182400 50
182450 50
182500 50
182550 50
182600 50
182650 50
182700 50
182750 50
182800 50
182850 50
182900 50
182950 50
184000 50
184050 50
184100 50
184150 50
184200 50
184250 50
184300 50
184350 50
184400 50
184450 50
184500 50
184550 50
184600 50
184650 50
184700 50
184750 50
184800 50
184850 50
184900 50
184950 50
185500 50
185550 50
185600 50
185650 50
185700 50
185750 50
185800 50
185850 50
185900 50
185950 50
189000 50
189050 50
189100 50
189150 50
189200 50
189250 50
189300 50
189350 50
189400 50
189450 50
189500 50
189550 50
189600 50
189650 50
189700 50
189750 50
189800 50
189850 50
189900 50
189950 50
192500 50
192550 50
192600 50
192650 50
192700 50
192750 50
192800 50
192850 50
192900 50
192950 50
194000 50
194050 50
194100 50
194150 50
194200 50
194250 50
194300 50
194350 50
194400 50
194450 50
194500 50
194550 50
194600 50
194650 50
194700 50
194750 50
194800 50
194850 50
194900 50
194950 50
195500 50
195550 50
195600 50
195650 50
195700 50
195750 50
195800 50
195850 50
195900 50
195950 50
197500 50
197550 50
197600 50
197650 50
197700 50
197750 50
197800 50
197850 50
197900 50
197950 50
198000 50
198050 50
198100 50
198150 50
198200 50
198250 50
198300 50
198350 50
198400 50
198450 50
199500 50
199550 50
199600 50
199650 50
199700 50
199750 50
199800 50
199850 50
199900 50
199950 50
200500 50
200550 50
200600 50
200650 50
200700 50
200750 50
200800 50
200850 50
200900 50
200950 50
203500 50
203550 50
203600 50
203650 50
203700 50
203750 50
203800 50
203850 50
203900 50
203950 50
204500 50
204550 50
204600 50
204650 50
204700 50
204750 50
204800 50
204850 50
204900 50
204950 50
207500 50
207550 50
207600 50
207650 50
207700 50
207750 50
207800 50
207850 50
207900 50
207950 50
208500 50
208550 50
208600 50
208650 50
208700 50
208750 50
208800 50
208850 50
208900 50
208950 50
210500 50
210550 50
210600 50
210650 50
210700 50
210750 50
210800 50
210850 50
210900 50
210950 50
211500 50
211550 50
211600 50
211650 50
211700 50
211750 50
211800 50
211850 50
211900 50
211950 50
212500 50
212550 50
212600 50
212650 50
212700 50
212750 50
212800 50
212850 50
212900 50
212950 50
214500 50
214550 50
214600 50
214650 50
214700 50
214750 50
214800 50
214850 50
214900 50
214950 50
216500 50
216550 50
216600 50
216650 50
216700 50
216750 50
216800 50
216850 50
216900 50
216950 50
219500 50
219550 50
219600 50
219650 50
219700 50
219750 50
219800 50
219850 50
219900 50
219950 50
220500 50
220550 50
220600 50
220650 50
220700 50
220750 50
220800 50
220850 50
220900 50
220950 50
221000 50
221050 50
221100 50
221150 50
221200 50
221250 50
221300 50
221350 50
221400 50
221450 50
221500 50
221550 50
221600 50
221650 50
221700 50
221750 50
221800 50
221850 50
221900 50
221950 50
227500 50
227550 50
227600 50
227650 50
227700 50
227750 50
227800 50
227850 50
227900 50
227950 50
228500 50
228550 50
228600 50
228650 50
228700 50
228750 50
228800 50
228850 50
228900 50
228950 50
230500 50
230550 50
230600 50
230650 50
230700 50
230750 50
230800 50
230850 50
230900 50
230950 50
231500 50
231550 50
231600 50
231650 50
231700 50
231750 50
231800 50
231850 50
231900 50
231950 50
232500 50
232550 50
232600 50
232650 50
232700 50
232750 50
232800 50
232850 50
232900 50
232950 50
233500 50
233550 50
233600 50
233650 50
233700 50
233750 50
233800 50
233850 50
233900 50
233950 50
234500 50
234550 50
234600 50
234650 50
234700 50
234750 50
234800 50
234850 50
234900 50
234950 50
236000 50
236050 50
236100 50
236150 50
236200 50
236250 50
236300 50
236350 50
236400 50
236450 50
236500 50
236550 50
236600 50
236650 50
236700 50
236750 50
236800 50
236850 50
236900 50
236950 50
238500 50
238550 50
238600 50
238650 50
238700 50
238750 50
238800 50
238850 50
238900 50
238950 50
240500 50
240550 50
240600 50
240650 50
240700 50
240750 50
240800 50
240850 50
240900 50
240950 50
241500 50
241550 50
241600 50
241650 50
241700 50
241750 50
241800 50
241850 50
241900 50
241950 50
242500 50
242550 50
242600 50
242650 50
242700 50
242750 50
242800 50
242850 50
242900 50
242950 50
244500 50
244550 50
244600 50
244650 50
244700 50
244750 50
244800 50
244850 50
244900 50
244950 50
245500 50
245550 50
245600 50
245650 50
245700 50
245750 50
245800 50
245850 50
245900 50
245950 50
248500 50
248550 50
248600 50
248650 50
248700 50
248750 50
248800 50
248850 50
248900 50
248950 50
